  File: ./videos/file_8.mp4
  Size: 2135985   	Blocks: 4176       IO Block: 4096   regular file
Device: fd01h/64769d	Inode: 13373045    Links: 1
Access: (0664/-rw-rw-r--)  Uid: ( 1000/   sadra)   Gid: ( 1000/   sadra)
Access: 2022-11-12 01:31:48.780792746 -0500
Modify: 2022-11-12 01:31:48.712792348 -0500
Change: 2022-11-12 01:31:48.712792348 -0500
 Birth: 2022-11-12 01:31:48.712792348 -0500
