  File: ./tmp/test.mp4
  Size: 2135985   	Blocks: 4176       IO Block: 4096   regular file
Device: fd01h/64769d	Inode: 13372151    Links: 1
Access: (0664/-rw-rw-r--)  Uid: ( 1000/   sadra)   Gid: ( 1000/   sadra)
Access: 2022-11-11 13:02:26.587638802 -0500
Modify: 2022-11-11 13:01:59.459528139 -0500
Change: 2022-11-11 13:02:26.467638327 -0500
 Birth: 2022-11-11 13:01:59.455528123 -0500
